-4.558480276704469 -1.0507896472864429 12.799990403472906 1.0 1.0 218.049 269.644 2.0 225.23 290.016
-4.146986773026658 -1.1323994166939146 12.034233937590036 1.0 1.0 224.279 262.765 2.0 228.815 283.472
-4.324998376864458 -1.3251681054046949 12.605592688156772 1.0 1.0 224.937 257.553 2.0 231.493 277.231
-4.096017278793831 -1.363247815086737 12.348203896211567 1.0 1.0 231.031 254.551 2.0 236.645 274.289
-3.659649425333477 -0.9979574393858088 11.6888229852307 1.0 1.0 240.938 267.763 2.0 244.326 287.199 3 207.209 286.305
-4.107999140586176 -3.2239627942195317 13.448022345082661 1.0 1.0 244.89 186.07 2.0 253.329 205.313
-3.322065266953211 -0.6799320451214339 11.130692488806595 1.0 1.0 248.595 281.244 2.0 250.208 299.259 3 211.002 297.484 4 185.444 283.045
-3.174058836228514 0.8572768553678131 10.675841094290416 1.0 1.0 249.408 354.757 2.0 249.089 377.982 3 189.561 392.736
-3.197898625878192 -0.07481562855862361 10.852332277399357 1.0 1.0 250.645 309.894 2.0 251.206 328.736 3 209.614 329.58 4 183.781 315.768
-3.2631995673429697 -0.9621535123370083 11.162727219418514 1.0 1.0 251.921 267.534 2.0 253.473 285.936
-3.337045245467482 -1.5916646846495814 11.545718148553476 1.0 1.0 253.536 240.626 2.0 256.62 257.698
-3.0874952552366097 0.042355700270904864 10.741265307067781 1.0 1.0 254.4 316.227 2.0 254.715 333.982 3 212.449 333.27
-3.1716297581364428 -0.9396575322788221 11.101791518561381 1.0 1.0 255.458 268.32 2.0 256.768 286.69
-3.092606122076455 -0.7394290415284411 10.855379333912138 1.0 1.0 255.825 277.377 2.0 256.325 295.214
-3.2227904291586085 -1.509090571132136 11.369450975998816 1.0 1.0 256.59 242.962 2.0 258.873 260.628
-3.1931958700622416 -1.362460146944417 11.377756874536171 1.0 1.0 258.123 249.695 2.0 260.382 267.776 4 194.882 251.574
-3.066183033832192 -0.9517227672522656 10.989984524631621 1.0 1.0 259.018 267.243 2.0 259.889 285.495
-3.441731774608641 -3.36813777232915 12.60780798513564 1.0 1.0 262.124 171.548 2.0 268.057 189.437 3 235.518 185.525 4 208.071 171.311
-2.9429370000992523 -0.7229038367965059 10.781677545042992 1.0 1.0 262.146 278.03 2.0 262.41 295.516 3 220.314 294.634 4 194.983 281.082
-3.025651764492757 -1.6281278487719673 11.089457259176346 1.0 1.0 262.239 235.433 2.0 263.445 252.674
-2.8443969462796668 -0.5473407166976346 10.594825058394044 1.0 1.0 264.5 286.379 2.0 264.112 303.559 3 220.724 304.572
-2.8443969462796668 -0.5473407166976346 10.594825058394044 1.0 1.0 264.5 286.379 2.0 264.112 303.559 3 220.724 304.572
-2.7566453025953646 0.33300512673350785 10.274724809591238 1.0 1.0 264.676 330.682 2.0 262.97 349.862
-2.7566453025953646 0.33300512673350785 10.274724809591238 1.0 1.0 264.676 330.682 2.0 262.97 349.862
-2.7236785925102915 0.2873193800631786 10.343824575852405 1.0 1.0 267.331 328.141 2.0 265.927 347.382
-2.709189760446669 0.048637149433217626 10.333490669827865 1.0 1.0 267.941 315.838 2.0 266.432 334.705
-2.865765084178103 -1.2564855196064395 10.952112953721878 1.0 1.0 268.154 252.596 2.0 268.969 269.67
-2.7621530686195284 -0.8028878313973131 10.620348839020073 1.0 1.0 269.036 273.228 2.0 268.57 290.83 3 225.194 289.434 4 200.554 275.889
-2.6418652853967175 0.1255998831119387 10.226680873931134 1.0 1.0 269.931 320.213 2.0 268.096 338.438
-2.6181119546017224 0.22295042848950736 10.205424743403885 1.0 1.0 270.918 325.059 2.0 268.957 343.911
-3.1974445119162125 -3.4876686106239254 12.553880975334907 1.0 1.0 271.858 165.807 2.0 277.475 183.425 3 244.15 179.345 4 217.903 165.556 5 331.042 77.3662
-3.213331796843107 -3.230977268628827 12.927140019263499 1.0 1.0 274.878 181.339 2.0 282.024 197.748
-2.6336289538384587 -1.2832868980435583 10.63430549641595 1.0 1.0 275.604 249.388 2.0 275.174 266.019
-2.563610930086932 -1.197621983471093 10.486229535081717 1.0 1.0 277.278 252.891 2.0 276.302 269.295
-2.5429141636956865 -1.4646988259647644 10.503959084302354 1.0 1.0 278.615 239.18 2.0 277.512 255.847
-2.376531276369984 0.17901345056717244 9.914957433571127 1.0 1.0 279.899 322.825 2.0 276.68 341.71 4 205.074 328.114
-2.3347622461593014 0.7768148686533857 9.742502566826 1.0 1.0 279.921 355.593 2.0 276.067 375.833
-2.463248691854535 -0.7806317490493051 10.285807385620855 1.0 1.0 280.019 272.875 2.0 278.168 290.337
-2.476705455317464 -1.1904991594342489 10.39997493108282 1.0 1.0 280.659 252.668 2.0 279.313 269.068
-2.397646450601123 -0.15469694514554275 10.07302893488155 1.0 1.0 280.769 305.16 2.0 278.216 323.276
-2.9046180126276324 -3.5703846137162008 12.199704796394107 1.0 1.0 281.153 156.604 2.0 284.732 176.17 3 734.724 352.495 4 687.288 343.873 5 694.203 336.545
-2.3400041934316205 0.3475614838341357 9.864291685606819 1.0 1.0 281.19 332.11 2.0 277.849 351.016
-2.9036550105918075 -3.431176303624054 12.391430815323476 1.0 1.0 282.616 166.465 2.0 287.815 183.188 4 419.934 100.943
-2.868761514203594 -3.401631867109421 12.280121258815837 1.0 1.0 283.058 166.237 2.0 287.815 183.188 4 419.934 100.943
-2.247263317127957 0.742784811318914 9.651933446868583 1.0 1.0 283.532 354.207 2.0 279.321 374.116
-2.8230084304827203 -3.493664894411478 12.314042323550689 1.0 1.0 285.388 162.626 2.0 290.183 179.598
-2.378261204828228 -1.9742029495330338 10.469888396684954 1.0 1.0 286.507 213.217 2.0 285.242 228.794 3 241.693 223.775 4 217.304 210.941
-2.2695688470914224 -0.45448530416613825 10.016014028359775 1.0 1.0 286.872 289.042 2.0 284.0 306.753
-2.085271989298889 1.5562596236112352 9.232246143238772 1.0 1.0 287.245 402.546 2.0 281.219 425.567
-2.217521039915295 -0.14645142134340433 9.847793809412229 1.0 1.0 287.603 305.356 2.0 284.107 323.314
-2.2479817731483727 -0.8542084614457284 9.993783379023643 1.0 1.0 287.691 268.02 2.0 284.712 284.424
-2.307250834206341 -1.3065208201187077 10.275966619516728 1.0 1.0 287.872 245.999 2.0 286.067 261.787
-2.1310473495313267 0.10851684609552394 9.702856940376208 1.0 1.0 290.589 318.948 2.0 286.474 337.81 3 236.518 338.744 4 212.842 325.192
-2.197092816948663 -1.085914294075767 10.046429221242468 1.0 1.0 291.019 255.94 2.0 288.224 272.068
-2.1377684689112204 -0.8803694054672276 9.90845470665694 1.0 1.0 292.539 266.36 2.0 289.289 282.245
-2.053277581029593 -0.09704634137324955 9.62526094298682 1.0 1.0 293.868 308.094 2.0 289.506 325.491
-2.007983252276099 0.25650241349366615 9.459375901283492 1.0 1.0 294.455 327.68 2.0 289.353 346.167 3 238.355 345.799
-2.0349581149041036 -0.17270464960926876 9.595860641357314 1.0 1.0 294.535 303.881 2.0 290.014 321.083
-2.0525819042136773 -0.7456506892869617 9.792544514709244 1.0 1.0 295.834 272.981 2.0 292.087 289.162 3 243.881 285.136 4 220.09 273.428
-2.0525819042136773 -0.7456506892869617 9.792544514709244 1.0 1.0 295.834 272.981 2.0 292.087 289.162 3 243.881 285.136 4 220.09 273.428
-2.1234121507772423 -1.9889715780799073 10.133804967227945 1.0 1.0 295.877 209.067 2.0 293.219 223.982 3 247.931 218.479 4 224.011 205.698
-2.047815369589721 -1.0611899564872926 9.832245043357812 1.0 1.0 296.53 256.118 2.0 292.884 271.71
-2.0227779246127726 -0.9184478988866824 9.74370279655842 1.0 1.0 296.914 263.285 2.0 292.863 279.204
-1.9136312416583183 0.8755022308114211 9.220852051994886 1.0 1.0 296.968 363.769 2.0 290.942 383.809
-2.0659141430002896 -2.2480225632145174 10.131191243670745 1.0 1.0 298.885 195.374 2.0 296.108 210.062
-1.9502009530993505 -0.5655846090020833 9.632337050026127 1.0 1.0 299.644 282.173 2.0 295.239 298.589 4 222.211 283.759 5 170.013 259.802
-1.919924923212039 -0.3208890054924356 9.492610574974416 1.0 1.0 299.656 295.948 2.0 294.846 311.704 4 221.473 297.692
-1.8431712901577235 0.6729855496873997 9.213362019407587 1.0 1.0 301.004 351.563 2.0 294.852 372.036
-1.8494748948842787 0.2568096318774683 9.318592530539526 1.0 1.0 301.764 328.067 2.0 296.166 346.058 3 244.12 344.851 4 221.101 332.207
-1.8309449890680158 0.05269984423540262 9.23535476863777 1.0 1.0 301.881 316.432 2.0 295.761 333.856
-1.8229847323932622 0.13438875533785002 9.25205808074236 1.0 1.0 302.536 321.072 2.0 296.541 338.808 3 244.266 338.326 4 221.428 325.277
-1.8481550186576645 -0.23628779611581519 9.41934003334626 1.0 1.0 302.96 300.094 2.0 297.715 316.872
-1.9264206819012346 -1.1812174903212802 9.817818090615342 1.0 1.0 302.985 249.327 2.0 299.238 264.943
-1.8612941238888654 -0.3548876340672801 9.497394588261292 1.0 1.0 303.105 293.439 2.0 298.163 310.262
-1.9657286737324469 -2.304539844767208 10.074628026631745 1.0 1.0 303.524 191.835 2.0 300.59 206.01
-1.7899037939555504 -0.1565631500222896 9.295217492042656 1.0 1.0 304.916 304.371 2.0 299.078 321.398
-1.7837894315586276 0.006310915272876187 9.269840445402798 1.0 1.0 304.967 313.804 2.0 299.105 330.994
-1.9097052209386238 -2.0668279947844694 9.991223574043325 1.0 1.0 305.605 203.574 2.0 302.48 217.598 3 255.912 210.317
-1.766747253852031 0.27728135032467094 9.264625423160082 1.0 1.0 305.851 329.615 2.0 300.172 347.002
-1.7926943570185425 -0.5851996658327235 9.430426342362416 1.0 1.0 306.205 280.433 2.0 300.946 296.379 3 250.123 292.705 4 226.946 281.265
-1.799635347052259 -0.9810491126369664 9.552685286880235 1.0 1.0 307.097 258.875 2.0 302.324 274.041 3 252.358 269.942 4 229.598 257.857
-1.8507531810738957 -2.152156781925631 9.886183734155255 1.0 1.0 307.718 197.736 2.0 304.06 211.59 3 257.372 204.409 4 233.793 192.663 5 183.905 160.435
-1.726432881951291 -0.1321422574563698 9.237757548777772 1.0 1.0 307.92 305.772 2.0 301.888 322.652
-1.716991450980421 -0.26242563822784587 9.29469771739173 1.0 1.0 309.028 298.576 2.0 303.34 314.749
-1.912677011185131 -0.7817590946300057 10.45071037107467 1.0 1.0 309.77 274.531 2.0 309.504 289.325 3 258.403 281.922
-1.6449573271776303 -0.9081388418460061 9.301258131034254 1.0 1.0 313.265 261.398 2.0 307.316 276.561 3 256.165 272.151 4 233.154 260.894
-1.5383608225346808 0.6597010106011958 8.79296279301933 1.0 1.0 314.279 353.116 2.0 306.328 372.268 3 250.367 373.295 4 227.922 360.234
-1.6716494374642306 -1.9873771694746278 9.63543979741498 1.0 1.0 315.045 203.685 2.0 310.313 217.357
-1.6287068815484205 -1.1810641022037496 9.414276995244888 1.0 1.0 315.251 246.838 2.0 309.909 261.101
-1.5360875423739084 0.3544547300220528 8.89964197699164 1.0 1.0 315.504 334.596 2.0 308.099 352.397
-1.6372692657064147 -2.225857712203833 9.625439299891363 1.0 1.0 316.773 190.619 2.0 312.05 203.461
-1.5198917931416824 0.06457178795861733 8.958884519155728 1.0 1.0 317.061 317.297 2.0 309.911 334.143 4 232.534 320.643
-1.5595535932608247 -0.835718225504055 9.26088012332028 1.0 1.0 317.679 265.646 2.0 311.808 280.177 3 259.881 274.774
-1.4631858073466504 0.7335731323908968 8.70450291518032 1.0 1.0 317.921 358.034 2.0 309.627 377.375
-1.468423880562779 0.692041507046466 8.746975294996513 1.0 1.0 318.027 355.38 2.0 309.982 374.413 4 231.135 362.304 5 189.671 339.55
-1.5331699699983945 -0.9041532607584392 9.144342661431985 1.0 1.0 318.096 260.947 2.0 311.54 275.374
-1.536082879085214 -1.2825089953648692 9.283992859079772 1.0 1.0 319.297 239.95 2.0 313.264 253.995
-1.4689618794034773 2.0456847873192956 9.087835860965235 1.0 1.0 321.345 432.322 2.0 316.036 457.748
-1.4735271583315928 -0.9310917061662405 9.155252229474858 1.0 1.0 321.679 259.374 2.0 315.232 273.804
-1.378215815234511 0.8041291704337369 8.583648549354038 1.0 1.0 321.918 363.065 2.0 313.105 382.536 4 232.969 370.66
-1.5243749401161628 -2.3420447976578727 9.522745954656909 1.0 1.0 322.128 182.706 2.0 316.88 195.224 4 244.868 175.725
-1.3550704685377588 0.1738904042376299 8.784247406443754 1.0 1.0 325.252 323.888 2.0 317.423 340.995 3 261.724 338.465 4 239.195 327.045 5 181.335 305.175
-1.4416870884709228 -1.9405066873844778 9.412297597961315 1.0 1.0 325.726 204.077 2.0 320.341 216.395 4 247.727 197.461 5 196.454 162.755
-1.2783015848835872 -0.2320094699095775 8.742707403294734 1.0 1.0 329.538 299.189 2.0 321.371 315.039
-1.2176030156144348 1.1708637857602182 8.362529188319959 1.0 1.0 329.866 387.643 2.0 320.243 408.651
-1.365299795136478 -1.673661000183563 9.44710774894578 1.0 1.0 330.836 217.814 2.0 324.909 233.804
-1.2424687910740955 0.044551223162927873 8.729686972032503 1.0 1.0 331.58 316.138 2.0 323.618 332.555
-1.3236830645319064 -1.9010614058561683 9.323888530899268 1.0 1.0 331.626 205.442 2.0 326.048 217.16 4 253.127 197.95
-1.2313439502874362 -0.13202022970253208 8.68360110775424 1.0 1.0 331.863 305.314 2.0 323.531 321.171
-1.231651770540431 -0.3585467171785731 8.756307200936375 1.0 1.0 332.434 291.798 2.0 324.478 306.696
-1.3080985243964072 -1.6724446105274553 9.264042695059976 1.0 1.0 333.049 214.565 2.0 325.396 233.065
-1.1844109308415796 -1.2034689069330036 8.89591046771137 1.0 1.0 336.42 241.613 2.0 328.895 254.434
-1.074208978021687 1.362246419559205 8.06883205594151 1.0 1.0 336.506 402.58 2.0 325.387 425.292
-1.087089798150109 0.22397293696010573 8.424218870235919 1.0 1.0 338.671 327.335 2.0 329.213 344.441
-1.0343725216994828 1.0686966852426438 8.095041766062145 1.0 1.0 339.339 383.316 2.0 328.364 403.989 3 266.381 406.65 4 244.797 392.865
-1.1175668001306742 -1.1453496518714492 8.810321168235633 1.0 1.0 339.786 244.337 2.0 331.88 257.224
-1.1112828129928134 -1.3251132043562432 8.829806096689577 1.0 1.0 340.321 233.632 2.0 332.414 246.172
-1.038426638737867 0.2705321853079141 8.316649035485424 1.0 1.0 340.872 330.626 2.0 330.907 347.535 4 249.877 334.602 5 189.653 313.493
-0.9948324633671514 1.1215967240730669 8.08656043272157 1.0 1.0 341.876 386.696 2.0 330.99 407.936
-1.0156941939569681 0.015616944886906651 8.322248584053277 1.0 1.0 342.351 314.424 2.0 332.347 330.167 4 251.367 316.515
-1.0572737253554847 -1.2536523928013754 8.728560095141383 1.0 1.0 342.813 237.127 2.0 334.492 249.449 3 278.942 241.742 4 257.498 231.683
-1.0720260854076975 -1.5277257503838628 8.85075776156207 1.0 1.0 342.832 221.657 2.0 335.001 233.683
-1.0866605667977376 -2.1796793995742325 8.999884388081952 1.0 1.0 343.04 184.642 2.0 335.616 195.719
-1.2461598325580354 -3.131648030688626 10.156885968622374 1.0 1.0 343.138 146.689 2.0 338.578 164.392 4 250.027 155.304
-1.0317852861311678 -1.0122538475100453 8.589063469500164 1.0 1.0 343.334 250.877 2.0 334.39 263.471 3 278.443 257.374
-1.0203696877160655 -1.1713998202265352 8.633380351886867 1.0 1.0 344.43 241.151 2.0 335.557 253.855
-0.9908800344811408 -0.2637076520640046 8.41013710832621 1.0 1.0 344.588 296.782 2.0 335.055 311.537
-1.040085480744789 -1.9804194669009536 8.87146195432453 1.0 1.0 344.965 194.531 2.0 336.89 206.005 3 582.581 217.635 4 550.424 216.033
-0.9544356923364231 -0.3586278122039826 8.393463349821172 1.0 1.0 346.782 290.673 2.0 337.15 305.162 3 279.014 300.704
-0.9746077983209572 -1.021165027085819 8.58616642808028 1.0 1.0 346.854 250.285 2.0 338.008 262.79 4 259.788 245.378
-0.9301236862207367 -0.3159701839696501 8.344997144782038 1.0 1.0 347.949 293.404 2.0 338.151 307.667 4 257.998 293.406
-0.9091046151880136 0.5965084455662392 8.215683373483772 1.0 1.0 348.42 351.913 2.0 338.39 370.027
-0.9091046151880136 0.5965084455662392 8.215683373483772 1.0 1.0 348.42 351.913 2.0 338.39 370.027
-0.9354165120016859 -1.1281990135482587 8.573950813560723 1.0 1.0 349.329 243.07 2.0 340.176 256.151 3 283.414 249.982 4 262.297 239.097 5 204.587 209.016
-0.934982566186273 -2.0155205803588956 8.828236943445189 1.0 1.0 350.808 192.339 2.0 342.981 202.444 3 289.487 190.966 4 267.475 182.512
-0.934982566186273 -2.0155205803588956 8.828236943445189 1.0 1.0 350.808 192.339 2.0 342.981 202.444 3 289.487 190.966 4 267.475 182.512
-0.8536455902382688 0.4774169839350849 8.079448740868663 1.0 1.0 351.007 345.242 2.0 340.259 361.742 4 257.159 352.286
-0.8586058614438854 0.3312434267701535 8.23179162726839 1.0 1.0 351.735 335.105 2.0 341.89 351.291
-0.857674173824394 0.0851549695870359 8.222259399490687 1.0 1.0 351.768 318.947 2.0 341.611 334.662 4 259.724 320.937
-0.8080332775209125 0.5362252190341927 7.927922390207388 1.0 1.0 353.056 349.287 2.0 341.307 366.915 4 258.384 355.061
-0.7873854836370395 0.8027778859110092 7.890174221280867 1.0 1.0 354.256 366.73 2.0 342.385 386.94
-0.827218281517682 -0.8874819986351427 8.377784820279308 1.0 1.0 354.733 257.066 2.0 344.962 269.637
-0.8264267900097305 -1.053972321580881 8.399016958720527 1.0 1.0 354.971 246.466 2.0 345.113 258.968
-0.8255331193401811 -1.054690178588829 8.395953132211732 1.0 1.0 355.031 246.314 2.0 345.113 258.968
-0.8682991363931867 -2.0349464223276676 8.862647605208366 1.0 1.0 355.031 191.618 2.0 347.504 201.66
-0.8036955761076362 -1.2098260004723813 8.411697352695406 1.0 1.0 356.4 237.02 2.0 346.725 248.457
-0.7554913117408194 0.3307458751811156 8.012010966856508 1.0 1.0 357.084 335.432 2.0 346.006 351.821
-0.7450265265765565 0.42166494692374623 7.933576404922941 1.0 1.0 357.258 341.981 2.0 345.788 358.259 4 262.844 346.552
-0.8067722849216749 -2.399542788119782 8.748730898128938 1.0 1.0 358.164 167.651 2.0 349.691 177.052
-0.8067722849216749 -2.399542788119782 8.748730898128938 1.0 1.0 358.164 167.651 2.0 349.691 177.052
-0.8030877218790785 -1.9548050455413286 8.73985250007457 1.0 1.0 358.171 195.042 2.0 350.289 204.343 3 296.293 193.109 4 274.607 184.416 5 214.978 191.084
-0.8225223155635717 -1.9894583040699485 8.925276966514279 1.0 1.0 358.171 195.042 2.0 351.03 205.479 3 296.293 193.109 4 274.607 184.416 5 214.978 191.084
-0.7476606084285106 -0.07707773136226301 8.115734779982828 1.0 1.0 358.254 308.309 2.0 347.572 323.314
-0.7476606084285106 -0.07707773136226301 8.115734779982828 1.0 1.0 358.254 308.309 2.0 347.572 323.314
-0.7548499366097431 -0.7690137707767151 8.281789796964471 1.0 1.0 358.789 263.928 2.0 348.637 276.779 3 289.397 270.855 4 267.98 262.026 5 207.96 232.947
-0.7131208626765455 0.819540172341332 7.820216637546311 1.0 1.0 358.807 368.532 2.0 346.754 388.426
-0.7934008459298826 -1.943530856300869 8.756095348265816 1.0 1.0 358.92 195.746 2.0 351.03 205.479 3 296.293 193.109 4 274.607 184.416 5 214.978 191.084
-0.6683918570503856 1.0490986212626636 7.737475785719979 1.0 1.0 361.322 385.248 2.0 349.092 405.661
-0.5503039095988108 2.823625214760661 6.547208172186898 1.0 1.0 362.453 541.913 2.0 341.986 579.672
-0.7046742884631546 -1.8512847011252622 8.47397271179476 1.0 1.0 362.977 197.324 2.0 353.459 207.031 3 560.3 312.795 4 525.353 258.604 5 456.229 124.665
-0.6561975498834209 -0.8337040007705945 8.163980293678781 1.0 1.0 364.43 259.307 2.0 353.878 270.988
-0.6781021524833668 -1.955717190896119 8.453285397984631 1.0 1.0 364.596 190.309 2.0 354.823 199.982
-0.6285869136681552 -0.5331238023022453 8.086989250215975 1.0 1.0 365.881 278.39 2.0 355.057 291.283 3 294.655 285.224 4 273.22 275.881 5 212.291 247.494
-0.6161909421086245 -0.15102409289449417 7.997070343686068 1.0 1.0 366.243 303.401 2.0 355.152 317.646 4 272.032 303.571
-0.639013615821158 -1.762317565725454 8.36379853329615 1.0 1.0 366.559 201.467 2.0 356.586 210.969
-0.6473366563673146 -2.151424334246759 8.476422976525164 1.0 1.0 366.661 178.318 2.0 356.913 187.628
-0.6173231253098074 -0.8371607509569728 8.161904095341757 1.0 1.0 366.967 258.997 2.0 356.483 270.734
-0.6363370225614068 -2.0594542654808397 8.44975851519943 1.0 1.0 367.141 183.901 2.0 357.481 192.892
-0.59945670355972 -0.9242184299126481 8.148499603177113 1.0 1.0 368.184 252.782 2.0 357.372 265.038
-0.5941389856984208 -1.238352397118396 8.27421928233709 1.0 1.0 369.053 233.762 2.0 358.951 244.757 3 300.005 234.924 4 278.834 226.421 5 219.918 192.122
-0.5931122306847757 -1.369887371647393 8.278983223990757 1.0 1.0 369.09 225.526 2.0 359.008 235.813
-0.5967357909449998 -2.0008138036994074 8.410913862357761 1.0 1.0 369.49 186.92 2.0 359.668 196.039
-0.5537857783964848 1.1023028905858756 7.9330556373042524 1.0 1.0 370.147 386.746 2.0 359.821 407.892
-0.5514866069150324 0.07313771702498854 7.989076824653764 1.0 1.0 370.512 318.273 2.0 359.773 333.447
-0.5057702774231742 1.0318776041938185 7.842968495232346 1.0 1.0 372.972 382.863 2.0 362.151 403.552
-0.4710073561935813 -0.027354190605022474 8.123308916942179 1.0 1.0 376.398 311.513 2.0 366.74 326.493 3 307.121 323.069 5 226.19 289.305
-0.4710073561935813 -0.027354190605022474 8.123308916942179 1.0 1.0 376.398 311.513 2.0 366.74 326.493 3 307.121 323.069 5 226.19 289.305
-0.4093402487183268 -0.2762156180696475 8.246631555652561 1.0 1.0 380.797 295.657 2.0 371.997 309.378
-0.40485816454505064 -1.5144625079085947 8.456614221052137 1.0 1.0 381.739 218.197 2.0 373.141 228.227 3 317.895 218.196 5 241.358 175.273
-0.40485816454505064 -1.5144625079085947 8.456614221052137 1.0 1.0 381.739 218.197 2.0 373.141 228.227 3 317.895 218.196 5 241.358 175.273
-0.3671988549423649 0.8889057907459149 7.90013428288312 1.0 1.0 382.531 372.854 2.0 372.586 392.466 3 310.104 394.166 4 288.458 381.429
-0.3671988549423649 0.8889057907459149 7.90013428288312 1.0 1.0 382.531 372.854 2.0 372.586 392.466 3 310.104 394.166 4 288.458 381.429
-0.3671988549423649 0.8889057907459149 7.90013428288312 1.0 1.0 382.531 372.854 2.0 372.586 392.466 3 310.104 394.166 4 288.458 381.429
-0.2864645152322453 1.0430418989074963 8.030126140621542 1.0 1.0 388.274 382.004 2.0 379.699 402.537
-0.2633830813580338 0.45561787575096474 8.273395756654084 1.0 1.0 390.276 342.639 2.0 382.832 359.513
-0.26098362866273156 -1.0000272614691428 8.617696253602173 1.0 1.0 391.059 251.8 2.0 384.357 263.239 4 308.092 247.631
-0.19690523983164024 -2.0752197512037314 8.428543297098848 1.0 1.0 394.895 182.152 2.0 385.96 190.846 3 331.939 184.468 4 310.964 175.731
-0.19872678847275066 -1.1664919597446837 8.681131965432494 1.0 1.0 395.019 241.936 2.0 388.652 253.098 3 335.49 244.791 4 313.18 237.099 5 260.946 205.372
-0.0937423512231151 -1.221247585614732 8.7455616950499 1.0 1.0 401.441 239.275 2.0 395.787 249.925 4 321.483 234.02
-0.0937423512231151 -1.221247585614732 8.7455616950499 1.0 1.0 401.441 239.275 2.0 395.787 249.925 4 321.483 234.02
-0.0391711363056899 -1.501430171986903 8.905366172815992 1.0 1.0 404.764 223.971 2.0 399.922 233.84 3 559.842 274.666 4 527.366 270.693
-0.04972755584466045 -2.969436937075259 10.70966437323092 1.0 1.0 404.77 165.826 2.0 406.223 176.885 3 367.655 168.442
-0.03467793247216867 -1.0474211866988394 8.865177438639659 1.0 1.0 405.069 250.666 2.0 400.391 262.024 3 349.155 254.223
-0.03289582415418738 -0.5315794543971911 8.769148906898696 1.0 1.0 405.125 281.398 2.0 400.514 294.018
-0.03003028206626518 -1.2860110681932517 8.834127712960381 1.0 1.0 405.265 236.322 2.0 400.343 246.437
-0.022883771643735243 -2.9021399458084622 10.688445909455535 1.0 1.0 406.092 168.896 2.0 407.585 179.925 4 345.065 164.523 5 276.858 233.865
-0.009198640125753506 -2.127206257502735 8.94082453743478 1.0 1.0 406.51 187.194 2.0 401.409 195.327 3 352.202 184.093 4 329.729 176.972
-0.011160652138118147 -2.03009940276065 9.035030840217864 1.0 1.0 406.514 193.935 2.0 401.778 203.086 3 352.383 192.321 4 329.744 185.263 5 282.269 148.796
0.007556173694377195 -3.6232172576652433 10.73355567787263 1.0 1.0 407.562 133.891 2.0 408.746 143.887 4 419.934 100.943
0.02442230466718276 -2.9074709799601948 10.526696393903709 1.0 1.0 408.464 166.404 2.0 409.435 177.071 4 346.071 160.655
0.03166605228629684 -1.3485763248744447 8.808468437790191 1.0 1.0 408.962 232.367 2.0 404.07 242.044 4 331.934 226.931
0.04283028060040319 -3.7333378777039914 10.840395035773039 1.0 1.0 409.409 130.004 2.0 410.717 140.509 4 349.051 121.986
0.050654319514766656 -3.672440239182195 10.687198323324738 1.0 1.0 409.743 130.586 2.0 410.717 140.509 4 349.051 121.986
0.14854790633483614 -1.8067680427607018 9.709152789324179 1.0 1.0 416.364 211.414 2.0 413.448 228.07
0.23112224637855805 -3.0758479745228064 10.463986468374525 1.0 1.0 419.012 156.865 2.0 419.915 166.971 3 381.725 156.919
0.25737685276992256 -1.8964230722024138 9.31989377850338 1.0 1.0 421.84 205.204 2.0 419.389 214.74 4 349.837 198.099 5 305.552 163.73
0.277809543863303 -1.335567545214212 9.264112701749704 1.0 1.0 422.94 237.241 2.0 421.175 247.117 3 374.471 239.16 4 350.887 232.087 5 306.302 201.554
0.29888304581458347 -2.115416347024374 9.328740280423311 1.0 1.0 424.143 192.944 2.0 421.713 201.663 3 609.326 159.111
0.3047314349358044 -0.4899298958474064 9.058898736774717 1.0 1.0 424.943 285.037 2.0 423.097 297.402
0.32264253630750034 -1.3704181439894216 9.263953193377349 1.0 1.0 425.698 234.654 2.0 423.689 245.501 4 353.704 230.457 5 309.437 199.503
0.3284886003517409 -1.436262589859788 9.249703472470074 1.0 1.0 425.987 230.977 2.0 424.001 241.156 3 376.832 262.127 5 505.474 292.02
0.3375976436620962 -1.8669673208905067 9.332001225999685 1.0 1.0 426.407 206.967 2.0 424.243 216.551 3 378.623 206.808 4 355.293 200.111
0.3769731369605091 -2.7116028642395404 10.408375015834928 1.0 1.0 426.507 174.645 2.0 427.877 184.881 3 388.428 175.664 4 364.521 169.165 5 327.384 133.922
0.363951935185417 -2.035487203858735 9.341134447549523 1.0 1.0 427.875 197.512 2.0 425.675 206.589 3 380.343 196.303
0.4073349816695449 -3.723564338282506 10.55723856653083 1.0 1.0 427.903 125.397 2.0 428.665 134.936
0.8001324136062791 -2.412184009113982 10.012723798150672 1.0 1.0 449.645 185.231 2.0 451.059 194.094
0.8782501376962152 -2.3287932092345813 10.348562115534909 1.0 1.0 452.38 193.416 2.0 455.129 203.462
0.8955693159752582 -3.7197827926086924 10.20477200194351 1.0 1.0 453.895 119.383 2.0 454.694 126.464
1.0012408695169326 -3.04519493679744 10.155243230079009 1.0 1.0 459.626 153.776 2.0 461.32 161.526
1.0151593348397103 -3.008934195506701 10.065890073507038 1.0 1.0 460.854 154.216 2.0 462.249 161.914 4 428.639 135.705
1.1786821329250088 -2.4716323567955225 9.747136042280196 1.0 1.0 471.423 178.514 2.0 472.962 185.85 3 464.892 165.029 4 440.072 161.643
1.2661987045745782 -1.820120642803788 9.53854735734764 1.0 1.0 477.668 211.954 2.0 479.634 220.165 3 449.932 208.219
1.3678695201235227 -1.8345061332272128 9.507166804445577 1.0 1.0 483.515 210.978 2.0 485.859 218.564 3 466.883 246.444 5 403.357 286.168
1.5651981094467968 -3.201355683575141 10.187499044987025 1.0 1.0 488.928 146.016 2.0 492.123 152.515
1.1199755372345168 1.6801990329364285 6.689704025096696 1.0 1.0 496.096 445.945 2.0 489.1 473.468 3 294.561 478.446
1.1659880727990255 1.6153932335078391 6.749799545738445 1.0 1.0 498.937 439.977 2.0 492.599 466.102 3 383.582 475.492 4 363.312 457.722 5 464.412 348.322
1.739874129370097 -3.737487512382847 9.727353914506326 1.0 1.0 502.337 108.834 2.0 503.805 112.532 3 337.639 146.394
1.7789716955239976 -3.409925488556569 9.718298673227935 1.0 1.0 504.276 127.05 2.0 506.845 130.306 3 462.149 118.754 4 441.062 114.411 5 409.511 71.4031
1.8123062166142812 -3.7284664175987112 9.655340289099938 1.0 1.0 507.067 107.749 2.0 508.482 111.152 3 447.707 103.779 5 414.003 47.4409
1.8061036870028393 -1.8973303504410912 9.159824176268243 1.0 1.0 512.001 203.015 2.0 514.543 209.508 3 474.308 197.876 5 415.138 159.663
1.8660907441839065 -3.03684348729992 9.449380218370589 1.0 1.0 512.304 142.073 2.0 514.131 146.419 4 449.726 129.4 5 418.215 88.2846
1.8976998630848996 -3.225539583220022 9.536076672614518 1.0 1.0 512.987 133.34 2.0 515.194 136.969 4 450.457 119.865 5 419.091 77.5848
1.9346499156228185 -3.728277323285287 9.70617914920098 1.0 1.0 513.515 108.386 2.0 515.047 112.508 3 476.188 94.6568 5 421.622 46.8333
1.9711367251275391 -3.7513081234473855 9.632632484604308 1.0 1.0 516.087 105.967 2.0 517.931 108.886 3 478.843 92.5484 4 454.822 90.6704
1.8324954608490918 -3.346868109604621 8.715899858570124 1.0 1.0 518.544 109.71 2.0 517.931 108.886 3 478.843 92.5484 4 454.822 90.6704
1.9829856135923822 -2.582166279668323 9.44179560850061 1.0 1.0 518.808 167.807 2.0 522.08 172.507 3 482.067 158.66 4 456.683 156.348 5 425.713 117.362
1.8087525030984373 -3.2789820082270933 8.566870712227947 1.0 1.0 518.827 110.676 2.0 517.931 108.886 3 478.843 92.5484 4 454.822 90.6704
2.0029838543753726 -3.1229958538309632 9.49187136745845 1.0 1.0 519.356 138.27 2.0 522.02 141.685
1.940480882393063 -0.815135163793983 9.098528606592833 1.0 1.0 520.462 265.704 2.0 525.349 275.427 3 483.793 268.602 4 456.11 263.598
2.0378140907764437 -3.1283105681273575 9.557613638421032 1.0 1.0 520.541 139.141 2.0 523.524 142.737 4 459.71 126.102 5 429.94 83.9954
1.9419179769650974 -0.9088243760296728 9.09315807009726 1.0 1.0 520.565 260.342 2.0 525.378 269.391 4 456.427 256.813 5 422.916 228.706
1.9314298143344388 -0.19057399350576337 8.963896086943478 1.0 1.0 521.574 302.236 2.0 527.119 314.086 5 422.916 228.706
2.076520944475277 -3.12964922136334 9.540287297453089 1.0 1.0 522.942 138.68 2.0 525.951 142.258
1.9841469741874884 -0.14066621451384245 9.018727995209085 1.0 1.0 524.024 305.086 2.0 530.039 317.487 3 488.154 312.968 4 459.305 306.22 5 425.317 284.035
1.9841469741874884 -0.14066621451384245 9.018727995209085 1.0 1.0 524.024 305.086 2.0 530.039 317.487 3 488.154 312.968 4 459.305 306.22 5 425.317 284.035
2.0357585211936593 -0.8763224680014111 9.094298437591588 1.0 1.0 526.017 262.291 2.0 531.407 271.244 4 461.979 259.423 5 427.627 307.314
2.1480909089509486 -2.581550058618311 9.53641490800065 1.0 1.0 526.804 169.466 2.0 531.277 173.71
2.0319546345017065 -0.1679338458291816 9.013987209750345 1.0 1.0 526.902 303.474 2.0 533.127 315.683 4 472.386 311.482 5 430.322 208.043
2.033164249611813 -0.08502844822422548 9.01524322205542 1.0 1.0 526.993 308.218 2.0 533.302 321.099
2.1656970292955213 -2.076522172750851 9.49183885811188 1.0 1.0 528.317 197.151 2.0 533.594 202.587
2.114912140050894 -1.2677298276581455 9.208378469884025 1.0 1.0 528.991 240.622 2.0 534.712 247.561 3 495.021 238.349 4 467.337 235.087
2.168876708644511 -0.7012354755595076 9.401147269911123 1.0 1.0 529.91 273.069 2.0 536.71 284.644 5 505.084 95.4344
2.317038468039913 -3.6888741630439563 9.953976058106024 1.0 1.0 530.96 116.104 2.0 535.408 119.04 3 498.902 103.507 4 487.482 109.655 5 463.335 67.3969
2.2161319277105207 -1.1247527694286898 9.42799945505415 1.0 1.0 531.993 250.019 2.0 538.84 258.525
2.2082118735724983 -0.8630017850313887 9.361137094938677 1.0 1.0 532.451 264.392 2.0 539.475 273.871 5 508.832 289.58
2.209713823763161 -0.14260165489071114 9.301780430491867 1.0 1.0 533.369 305.144 2.0 541.385 317.79 5 508.525 288.664
2.197144242394967 -0.06119059137116938 9.244030102220588 1.0 1.0 533.418 309.843 2.0 541.383 322.672 5 306.302 201.554
2.3782503210305674 -3.6287883340748457 9.897171155125287 1.0 1.0 534.979 118.161 2.0 539.546 120.96 3 504.069 105.95 4 478.172 103.798 5 452.138 60.5043
2.4158853829659472 -3.2458175523579 10.028562369976504 1.0 1.0 535.699 140.299 2.0 540.644 145.685
2.3566125270504745 -2.995002106978965 9.708520458227998 1.0 1.0 536.223 149.14 2.0 541.232 152.769
2.4393059115826903 -3.364932004699144 10.057159836524976 1.0 1.0 536.44 134.738 2.0 541.622 139.397 3 505.914 126.834 4 480.434 124.236 5 454.341 85.5159
2.3293735355523264 -1.8202179565116456 9.51409656338824 1.0 1.0 537.232 211.609 2.0 543.651 217.873
2.3825712767138736 -1.872788710775453 9.662384404852899 1.0 1.0 538.144 210.315 2.0 545.168 216.604
2.4213892249830953 -2.38884948062891 9.821522761219699 1.0 1.0 538.26 183.771 2.0 544.804 189.367 3 510.415 177.498 4 483.165 175.084 5 458.055 139.461
2.300462205450383 -0.7757432740277429 9.299906793004169 1.0 1.0 538.546 269.053 2.0 546.037 278.643
2.4916290745277854 -2.7094338596977057 10.051788965980323 1.0 1.0 539.132 169.487 2.0 545.791 175.255
2.425086337892774 -2.4759432884100097 9.757696617642733 1.0 1.0 539.143 178.532 2.0 545.715 183.003 3 511.435 171.693 4 484.279 169.498 5 459.099 134.181
2.4150775827172244 -1.0792911474305857 9.700249758466803 1.0 1.0 539.56 253.794 2.0 547.86 263.661 3 336.466 485.03 4 320.906 466.154 5 219.138 463.121
2.3643216773956905 -0.8405502773542062 9.47643642032041 1.0 1.0 539.641 266.352 2.0 547.886 275.698
2.43309620819546 -1.7639123386344244 9.749368108529836 1.0 1.0 539.772 217.069 2.0 547.359 224.03
2.3781238039379833 -0.43839951338538236 9.479013487735974 1.0 1.0 540.498 288.533 2.0 549.279 300.263
2.424712468540882 -1.1745901719392928 9.619651430045565 1.0 1.0 541.008 248.563 2.0 549.355 256.87 3 513.868 249.387 4 484.831 245.506 5 457.9 218.161
2.4183143036370183 -0.57367246532646 9.53218801170667 1.0 1.0 541.891 281.473 2.0 550.976 291.995 3 515.441 286.963 4 485.168 281.514 5 458.015 258.442
2.5246568978472306 -2.1808066788403315 9.910511412694312 1.0 1.0 542.493 196.344 2.0 550.3 202.08 3 515.454 191.026 4 487.446 188.507
2.4894476649724915 -1.121032970310548 9.703284791932727 1.0 1.0 543.428 251.975 2.0 552.337 260.704 3 516.816 252.98 4 487.385 248.933 5 460.337 221.614
2.4894476649724915 -1.121032970310548 9.703284791932727 1.0 1.0 543.428 251.975 2.0 552.337 260.704 3 516.816 252.98 4 487.385 248.933 5 460.337 221.614
2.461755877579901 -0.7662567507644855 9.569074358808292 1.0 1.0 543.797 270.845 2.0 552.848 280.688 5 460.144 244.566
2.622384952259482 -3.453758447220742 10.196927540749709 1.0 1.0 544.001 132.91 2.0 550.549 136.63 3 516.607 122.911
2.5499741225907115 -2.2172831372474056 9.862967880918552 1.0 1.0 544.527 193.776 2.0 552.237 199.303 4 489.485 186.077 5 464.034 152.204
2.4952248769360246 -0.05039117728381117 9.579445861865056 1.0 1.0 545.521 310.579 2.0 555.961 323.486 4 488.26 312.933 5 460.287 292.682
2.6281391063590918 -2.997397276553299 10.072478246824012 1.0 1.0 545.86 154.978 2.0 553.072 158.987 3 519.331 145.71 4 492.484 143.994 5 468.383 105.684
2.678924409503769 -3.589203419975856 10.234586474826406 1.0 1.0 546.355 126.673 2.0 553.162 129.805 3 519.836 115.288 4 493.748 113.958 5 470.62 72.3574
2.5441575542823167 -1.1468693830245038 9.696107024842332 1.0 1.0 546.505 250.568 2.0 555.669 258.994 3 520.357 251.076 4 490.793 247.333
2.607882227687142 -2.395896752407692 9.921367323578501 1.0 1.0 546.817 184.915 2.0 554.652 189.94 3 524.487 292.321 4 492.604 176.191
2.6106256440809243 -2.1363135651174074 9.902351860868484 1.0 1.0 547.215 198.637 2.0 555.47 204.315 3 521.078 193.422 4 492.994 191.011 5 467.942 157.597
2.593302778356048 -1.0856543894255926 9.72185759115141 1.0 1.0 548.845 254.017 2.0 558.377 262.772 4 493.448 251.064
2.5917656935446063 -0.7421637709827869 9.684716674725749 1.0 1.0 549.31 272.631 2.0 559.322 282.673
2.569473501271174 0.31443891124886314 9.478887545878692 1.0 1.0 551.144 331.043 2.0 562.439 345.397 3 526.535 343.515 4 494.41 335.407
2.569473501271174 0.31443891124886314 9.478887545878692 1.0 1.0 551.144 331.043 2.0 562.439 345.397 3 526.535 343.515 4 494.41 335.407
2.6524326565491685 -1.1156807344407516 9.762805992149639 1.0 1.0 551.464 252.64 2.0 561.346 261.254 4 496.944 249.816
2.760914364911912 -2.8778884019587307 10.170448224887034 1.0 1.0 551.537 162.603 2.0 559.607 167.188 3 526.057 153.07 5 474.996 114.467
2.7344673881758745 -2.986384181770014 10.03474323193788 1.0 1.0 551.867 155.219 2.0 559.726 158.405 3 526.388 145.766 4 499.19 144.429
2.7344673881758745 -2.986384181770014 10.03474323193788 1.0 1.0 551.867 155.219 2.0 559.726 158.405 3 526.388 145.766 4 499.19 144.429
2.6503418223107573 -0.7805302811169166 9.716776096064882 1.0 1.0 552.023 270.725 2.0 562.384 280.474 3 527.606 274.394 4 497.133 269.435 5 471.072 244.827
2.6503418223107573 -0.7805302811169166 9.716776096064882 1.0 1.0 552.023 270.725 2.0 562.384 280.474 3 527.606 274.394 4 497.133 269.435 5 471.072 244.827
2.6538322140094395 -0.7010567308030896 9.723597015370098 1.0 1.0 552.133 275.038 2.0 562.624 285.23 4 497.671 316.911
2.5868284895864044 1.046282309017421 9.46378002645102 1.0 1.0 552.384 371.962 2.0 564.987 390.392 3 528.591 392.276 4 495.061 381.156 5 466.237 368.652
2.7055094002532756 -1.964985123858251 9.877063918382406 1.0 1.0 552.658 207.602 2.0 561.617 213.495
2.705092477397499 -1.7968777825516224 9.830325247218175 1.0 1.0 553.331 216.182 2.0 562.455 222.525
2.6780126785875624 -1.5213181029033425 9.702698811679769 1.0 1.0 553.714 230.139 2.0 562.984 236.908 4 499.2 224.401
2.746109431613835 -2.0884470310815186 9.925679246569288 1.0 1.0 554.137 201.467 2.0 563.161 207.094 3 529.318 195.909 4 501.043 193.632 5 477.076 160.344
2.726310103829687 -1.3553297403465783 9.813964987191376 1.0 1.0 554.746 239.881 2.0 564.643 247.788 4 500.556 235.791 5 475.324 207.337
2.711523376212052 -0.8401407832888549 9.73554550774942 1.0 1.0 555.066 267.595 2.0 565.716 276.972 3 530.951 270.378
2.7056363556876835 -0.6784177034097205 9.675917768627759 1.0 1.0 555.669 276.16 2.0 566.418 286.163 3 531.581 279.308 4 500.91 274.831
2.7445840537026847 -0.5608816674458723 9.79981714272021 1.0 1.0 555.864 283.134 2.0 567.343 293.516 4 501.823 282.569 5 476.303 258.561
2.6433543235849024 1.3657537324976567 9.438824343417084 1.0 1.0 555.96 389.944 2.0 569.426 410.392 4 499.114 401.784 5 470.512 391.437
2.7274245455926778 -0.3320068733846877 9.693470820183704 1.0 1.0 556.599 295.221 2.0 568.096 306.677 3 533.357 301.753 4 501.982 295.905
2.7067364116987034 -0.3273388561551551 9.601646832387603 1.0 1.0 556.883 295.308 2.0 568.096 306.677 3 533.357 301.753 4 501.982 295.905
2.81476785926876 0.46620194398543274 10.0035694250726 1.0 1.0 557.095 335.797 2.0 570.088 355.604 3 534.629 354.624 4 501.679 346.04 5 474.12 329.255
2.7006965680256014 0.4846197242735344 9.533505824010364 1.0 1.0 557.646 340.356 2.0 570.088 355.604 3 534.629 354.624 4 501.679 346.04 5 474.12 329.255
2.7061046115139176 0.8231636099683238 9.515115369430037 1.0 1.0 558.256 359.217 2.0 571.277 376.352 3 535.548 376.901 4 502.095 366.667 5 474.073 352.725
2.896881111159009 -2.6262330091537427 9.86385878683614 1.0 1.0 563.106 171.915 2.0 571.931 175.166 4 510.001 160.893
2.902792335263485 -3.0358454266523007 9.84274664659162 1.0 1.0 563.882 149.274 2.0 571.756 151.705 3 538.039 137.314 5 487.988 96.6734
2.910823716547691 -2.9051844323547247 9.849805935441685 1.0 1.0 564.333 156.215 2.0 572.245 159.46
2.911172145579229 -2.7867834504172753 9.847277632532785 1.0 1.0 564.367 162.603 2.0 572.525 166.103 3 538.799 152.084 5 488.111 112.743
2.895546277106673 -2.290051929374712 9.734895481468754 1.0 1.0 565.209 188.191 2.0 574.116 192.503 3 539.879 180.01 4 511.365 178.65 5 488.052 142.816
2.8908375981426744 -2.3787688462952117 9.706836731574565 1.0 1.0 565.407 182.975 2.0 574.073 186.924 4 511.52 191.75 5 487.833 157.567
2.861948206284883 -1.9370007633521955 9.586787718927425 1.0 1.0 565.766 205.875 2.0 574.836 210.942 3 540.424 199.519 4 511.443 197.83 5 487.528 164.332
2.884982390045495 -2.1490919696516393 9.652715872528013 1.0 1.0 565.957 194.918 2.0 574.904 199.42 3 540.599 187.498 5 488.289 151.203
2.8797430315760786 -1.3827745037486634 9.540338155796366 1.0 1.0 567.496 236.304 2.0 577.622 243.119 3 542.9 233.615 4 512.639 230.853 5 488.285 201.039
2.9403171966105477 -2.5894603082705117 9.715146535562347 1.0 1.0 567.988 171.542 2.0 576.529 174.781 3 542.634 161.413 4 514.408 160.567 5 491.555 122.868
2.8634854073261784 -0.8490597810391296 9.440593603711491 1.0 1.0 568.275 265.547 2.0 579.088 274.33 3 544.02 266.776 4 512.789 262.944 5 487.647 236.699
2.8398367519969634 -0.040350125302071854 9.341220696257489 1.0 1.0 568.691 310.893 2.0 580.603 323.551 4 512.632 313.506 5 494.213 293.013
2.864644247522018 -0.6553829269521619 9.402558087750442 1.0 1.0 569.026 276.204 2.0 580.07 285.946 3 544.791 279.291 4 513.271 274.83 5 487.928 250.018
2.8568488577784383 -0.7738799658423421 9.377507937141122 1.0 1.0 569.034 269.341 2.0 579.731 278.618 5 487.871 183.106
2.93416557160575 -1.7970816315148257 9.622262080774178 1.0 1.0 569.164 214.007 2.0 578.952 219.512 3 544.482 208.556 4 514.691 206.705 5 491.144 174.307
2.847378149829512 -0.24739836863002468 9.323141502485784 1.0 1.0 569.38 299.282 2.0 581.014 310.531
3.062047080636617 -1.5444528985628125 10.022869431784008 1.0 1.0 570.054 229.999 2.0 580.656 239.826
2.878519620867043 -0.08304326912063924 9.384601628816888 1.0 1.0 570.101 308.611 2.0 582.306 320.831 3 547.031 316.502 4 514.1 310.351 5 488.369 289.154
2.864691328701075 0.12528560087269797 9.31802191265818 1.0 1.0 570.471 320.486 2.0 582.883 333.618 3 547.397 330.336 4 514.191 323.4 5 487.885 304.232
3.1192181279530447 -3.0176550047115547 10.163501295970807 1.0 1.0 570.63 154.749 2.0 579.556 159.014 3 546.626 145.337 4 518.593 145.251 5 497.007 107.703
2.89289816976446 0.27355651302608897 9.387180780281312 1.0 1.0 570.899 328.676 2.0 583.818 342.885 3 548.001 340.643 4 514.502 332.933 5 488.187 314.928
2.882591394181719 0.8106986414537664 9.347087532055397 1.0 1.0 570.995 359.366 2.0 584.849 376.215 3 548.761 376.196 4 514.788 366.785 5 487.122 352.198
2.9217459150937635 -0.8769879315293987 9.468416330946363 1.0 1.0 571.078 264.096 2.0 582.215 272.773 5 491.024 234.957
2.8557130855872463 0.9558377876271978 9.183110269217734 1.0 1.0 572.358 368.635 2.0 586.093 386.192 3 550.135 387.673
2.846132342190087 1.2618009908114682 9.138693206010405 1.0 1.0 572.616 386.585 2.0 586.804 406.153 3 550.615 409.134
2.9077841923827283 0.4537287590211342 9.240272694670093 1.0 1.0 574.334 339.386 2.0 587.509 354.207 3 552.012 352.63 4 517.861 344.467 5 491.644 327.536
2.9691832120379056 -0.03826352449347967 9.420210524497191 1.0 1.0 574.596 311.159 2.0 587.505 323.531 3 552.84 319.816 4 519.38 313.497 5 494.213 293.013
2.917930769897631 1.0225389863058698 9.232717708830972 1.0 1.0 575.072 372.014 2.0 589.386 390.231 3 553.702 391.893 4 518.386 380.783 5 491.426 368.012
3.2812428445166795 -3.2434384423101315 10.253958171721742 1.0 1.0 577.41 144.756 2.0 587.205 147.709 4 528.318 139.025 5 508.424 100.158
2.97696689496503 0.999923480125059 9.269891147370124 1.0 1.0 577.748 370.724 2.0 592.526 388.315 3 557.384 389.842 4 521.806 379.219 5 495.59 366.617
3.1617701056953456 -0.7676082152421132 9.777474210975244 1.0 1.0 578.945 271.573 2.0 592.175 280.996 4 527.832 305.661
3.387708978292717 -2.703591679768454 10.40342292719526 1.0 1.0 580.109 175.237 2.0 592.151 178.907
3.0670267956165675 1.2311462460122435 9.328749896213688 1.0 1.0 581.827 383.312 2.0 597.694 402.609 3 563.611 405.562
3.176457346762049 -0.1895277227590106 9.543644647350547 1.0 1.0 584.003 302.633 2.0 598.018 314.454 3 565.072 310.433 4 531.231 304.581
3.1216754652482477 -0.09138213739619944 9.3649478811576 1.0 1.0 584.089 308.649 2.0 598.038 319.523 5 508.832 289.58
3.632948748411064 -3.329151421734689 10.87447862509013 1.0 1.0 585.125 149.777 2.0 597.02 154.338 3 567.177 141.436 4 538.622 141.371 5 520.382 103.534
3.215011125941907 0.1336771378104833 9.359225538467966 1.0 1.0 589.065 323.181 2.0 604.85 331.711 5 517.51 304.072
3.568399945857274 -2.721896597241869 10.401583736657471 1.0 1.0 589.452 174.125 2.0 602.164 177.662 3 573.575 165.745 4 543.422 164.978
3.549035191393839 -2.2443553709907373 10.284165135501027 1.0 1.0 590.485 197.301 2.0 603.861 201.835 3 575.053 190.36 4 544.099 189.346
3.548498126253711 -1.770719899688249 10.216352512088054 1.0 1.0 591.667 221.187 2.0 605.815 227.094 3 576.914 217.046 4 544.961 215.359 5 526.859 185.624
3.55766125520214 -1.0976614890882548 10.143452783892585 1.0 1.0 593.498 255.732 2.0 608.797 264.05 5 527.956 228.208
3.6692116001538344 -2.8111723352599887 10.44800224886624 1.0 1.0 593.703 170.313 2.0 606.937 173.298 3 578.999 160.342
3.5687934667018193 -0.13225254609185416 10.046555307138787 1.0 1.0 595.858 306.321 2.0 612.987 318.361 3 583.826 314.184 4 548.527 308.302 5 529.092 288.423
3.5631702310395146 -0.03353003995393896 10.01960249955854 1.0 1.0 596.037 311.65 2.0 613.354 323.896 3 584.234 320.845 4 548.68 314.563 5 529.237 295.67
3.4590371914375333 1.4349300817043678 9.717968473738026 1.0 1.0 596.257 391.638 2.0 615.496 411.836 3 584.602 415.719 4 546.872 403.493 5 524.847 394.18
3.371345409774098 1.736028636191441 9.266296085809701 1.0 1.0 600.443 412.649 2.0 619.495 435.149
3.857124976232193 1.1572912057609428 10.164955967559695 1.0 1.0 608.759 373.612 2.0 630.184 392.149 3 603.273 394.312 4 564.14 383.615 5 546.032 372.567
3.8972926548149815 1.5861836675419183 10.185244379145487 1.0 1.0 610.436 395.933 2.0 633.006 416.608 3 607.358 420.886 5 549.249 400.111
4.023710600689561 1.56703476269198 10.365429295824766 1.0 1.0 613.39 393.429 2.0 636.716 414.039 3 610.754 418.146 4 570.376 405.914
4.3816104277953265 -2.2586560471801147 11.189389294295907 1.0 1.0 615.1 206.15 2.0 633.715 211.111 3 610.898 201.046 4 577.362 200.236 5 565.122 170.482
4.2641841315733435 -1.656457692760784 10.858722557358233 1.0 1.0 615.77 232.208 2.0 634.51 238.827 3 610.763 230.499 4 576.351 228.544 5 563.383 201.98
4.121306410106228 1.6377594442593555 10.464019902673297 1.0 1.0 616.406 396.197 2.0 640.475 417.233 3 615.239 422.022 5 557.215 401.209
4.110428266529725 1.560431347181487 10.394775587470246 1.0 1.0 617.234 392.917 2.0 641.113 413.352 3 615.902 417.356 4 575.302 405.129 5 558.312 396.642
4.454268281029626 -2.4180799595629727 11.1955726036865 1.0 1.0 618.396 198.7 2.0 637.153 202.963 3 637.83 203.454 4 602.393 202.446 5 594.234 175.259
4.428669781940606 -2.0197311358722403 11.131835760602511 1.0 1.0 618.477 216.899 2.0 637.612 222.582 3 614.857 213.338 4 580.741 212.17 5 568.592 183.661
4.262023255905664 0.2112180014858612 10.70865815796169 1.0 1.0 618.61 323.671 2.0 640.749 337.487 4 578.392 328.078
4.598610798746745 -3.120079887157411 11.544770473416852 1.0 1.0 618.934 169.364 2.0 636.855 173.291 3 614.354 161.541 4 581.884 161.767 5 571.323 128.87
4.603368888453493 -2.578566021023983 11.525679921969278 1.0 1.0 619.275 194.476 2.0 638.569 199.032 5 596.191 171.175
4.589025914733107 -2.166164469726044 11.479745102514219 1.0 1.0 619.549 212.932 2.0 639.306 218.897 4 582.697 207.942
4.560956622953678 -1.9653511182215178 11.342469373553618 1.0 1.0 620.921 220.894 2.0 640.61 227.668 4 583.95 217.908
4.560956622953678 -1.9653511182215178 11.342469373553618 1.0 1.0 620.921 220.894 2.0 640.61 227.668 4 583.95 217.908
4.5291821660777085 -0.018804554077033773 11.251194556881682 1.0 1.0 621.027 312.315 2.0 644.284 325.398 3 639.263 386.958 4 597.902 376.123
4.392114126861958 0.3525573921298325 10.87237780844627 1.0 1.0 621.741 330.581 2.0 644.993 344.728
4.3640516107978105 0.4765908266239065 10.79293480339642 1.0 1.0 621.939 336.82 2.0 645.268 351.475 3 622.054 350.344 4 582.914 342.719 5 568.871 327.677
4.261759822588714 1.578265100675076 10.500310786824427 1.0 1.0 622.768 393.115 2.0 647.653 413.366 3 624.05 417.089 4 582.854 404.884
4.2621200564426545 1.576525844302097 10.500676245693672 1.0 1.0 622.79 392.914 2.0 647.653 413.366 3 624.05 417.089 4 582.854 404.884
4.560545941978782 -1.525856394423421 11.21822059376124 1.0 1.0 623.054 241.132 2.0 643.874 248.211 3 622.201 240.637 4 586.539 238.619 5 575.363 213.34
4.588739237055747 -0.643754272619413 11.247364788696178 1.0 1.0 623.889 282.865 2.0 646.364 293.331
4.55393947224637 -0.4068140033293978 11.151982812990243 1.0 1.0 624.151 293.7 2.0 646.744 305.356 3 625.052 301.779 4 587.268 297.231 5 599.757 285.128
4.425337773730111 0.10038769690540118 10.822725103801226 1.0 1.0 624.338 318.335 2.0 647.336 331.209 3 625.133 329.119 4 586.526 322.922 5 572.957 305.2
4.504382987726415 0.016019060281949018 10.96880150716302 1.0 1.0 625.252 314.251 2.0 648.582 326.701 5 575.759 299.712
4.729767951688346 -2.6529039798771574 11.478193032945855 1.0 1.0 626.017 190.512 2.0 645.723 194.585 3 624.893 183.72 4 590.92 183.521 5 581.193 153.123
4.513016041408502 -0.5338653266016661 10.935467355780531 1.0 1.0 626.304 287.586 2.0 648.695 297.643 3 627.027 292.676 4 589.602 288.601 5 624.684 284.304
4.5462658441136625 0.6216499669961268 11.011626451556346 1.0 1.0 626.51 343.144 2.0 651.074 358.841
4.73469881948286 -2.2187588285922044 11.417628222174656 1.0 1.0 627.386 210.116 2.0 647.905 215.202 3 627.182 205.848 4 612.513 215.927 5 582.741 176.89
4.74483356125154 -2.0804647765448556 11.421019011296906 1.0 1.0 627.796 216.578 2.0 648.609 222.082 3 627.953 212.957 4 592.929 212.004 5 583.057 184.288
4.606866108814717 -0.44402722613411716 11.082866337884536 1.0 1.0 627.916 292.16 2.0 650.958 302.819 3 652.888 305.327 4 612.872 300.545
4.78342939748498 0.7861805105859744 11.352068636319936 1.0 1.0 630.976 350.197 2.0 657.218 366.124 3 635.784 367.01 4 594.193 359.101
4.738710529339123 -0.9910048587399508 11.23894027049396 1.0 1.0 631.015 266.725 2.0 653.881 275.137 4 616.445 273.38
4.9138569387563775 -2.313925256860391 11.622698557705233 1.0 1.0 631.698 207.564 2.0 652.982 212.584 4 598.105 202.961
4.634798868314929 -0.4200146888498402 10.95844486302409 1.0 1.0 631.736 293.2 2.0 655.06 303.534 4 616.814 301.314 5 609.025 283.322
4.817043372855442 -0.7944888478649335 11.388580638601283 1.0 1.0 631.801 276.334 2.0 655.319 285.942 3 635.38 280.972 4 597.452 276.838 5 587.329 256.383
4.733664495572121 1.6782402332914375 11.175649830451945 1.0 1.0 632.176 392.974 2.0 659.858 413.442 3 638.946 417.751 4 595.755 405.505 5 582.34 397.163
4.706476383698406 1.485906453351868 11.07468237228505 1.0 1.0 632.9 384.681 2.0 660.151 403.859
4.812775509713731 -0.008938936437346499 11.285551890477564 1.0 1.0 633.714 312.814 2.0 658.577 325.651 4 598.694 316.937
4.822216108213278 0.3019486175748467 11.261444936816726 1.0 1.0 634.586 327.698 2.0 660.207 341.375 3 640.09 340.028 4 599.837 333.077 5 588.777 317.696
5.047133096497577 -2.326575676660875 11.76350236659381 1.0 1.0 635.033 208.249 2.0 656.972 213.351 3 637.83 203.454 4 602.393 202.446 5 594.234 175.259
4.878033641911796 0.5465743745213902 11.343469347388604 1.0 1.0 635.608 338.849 2.0 661.885 353.97 3 641.846 352.59 4 600.894 345.384
4.878033641911796 0.5465743745213902 11.343469347388604 1.0 1.0 635.608 338.849 2.0 661.885 353.97 3 641.846 352.59 4 600.894 345.384
5.0845696538202985 -2.0209414144975963 11.797506748843848 1.0 1.0 636.022 222.403 2.0 658.77 228.257
4.824730714620737 1.42306702077992 11.199291719240744 1.0 1.0 636.055 380.47 2.0 663.718 400.111 4 600.685 391.906
4.907940902687156 -1.3967972741692638 11.33378367765481 1.0 1.0 637.094 248.005 2.0 660.072 255.089 4 603.613 245.587
5.136322509104811 -1.8583033171077998 11.851729323972988 1.0 1.0 637.316 230.075 2.0 660.575 236.527 3 641.813 228.954 4 605.103 227.461 5 597.131 201.57
5.046254821715387 -1.2971723198298513 11.617164484735385 1.0 1.0 637.832 254.112 2.0 661.676 261.957 3 642.503 254.999 4 605.134 252.627
4.970117394462016 -1.0503386613185006 11.416080045143321 1.0 1.0 638.368 264.534 2.0 662.255 273.037 5 596.424 240.986
5.1054388913920015 -1.5229993970100326 11.653662782924867 1.0 1.0 639.76 244.088 2.0 663.58 250.996 3 645.114 243.344 4 607.895 241.579 5 599.744 217.528
5.224205728291637 -1.897735300038707 11.909970672502556 1.0 1.0 639.985 228.966 2.0 663.839 234.811 3 645.628 226.953 4 608.802 225.75 5 601.2 200.028
5.074605947347374 -0.5217824910124281 11.55130871166234 1.0 1.0 640.423 289.567 2.0 665.919 299.801 4 594.922 235.117 5 584.697 210.122
5.074605947347374 -0.5217824910124281 11.55130871166234 1.0 1.0 640.423 289.567 2.0 665.919 299.801 4 594.922 235.117 5 584.697 210.122
5.055338832042713 -2.749738027603333 11.476168556842717 1.0 1.0 640.848 186.45 2.0 662.482 188.79 4 608.796 177.156 5 602.299 147.198
5.113907934814569 -0.3144002041260377 11.620962888293036 1.0 1.0 640.896 298.992 2.0 666.833 310.443
5.359848495546179 -2.313385291757269 12.098053318656007 1.0 1.0 642.436 211.779 2.0 665.995 217.066 4 612.146 207.628 5 605.372 180.702
5.3805746917658235 -2.1518829614460833 12.130382203695321 1.0 1.0 642.775 219.021 2.0 666.612 225.009 3 649.043 216.676 4 612.513 215.927 5 582.741 176.89
5.108810585360581 0.7181405201007033 11.515444765955047 1.0 1.0 642.82 346.476 2.0 670.7 362.083 3 674.409 366.302 4 629.939 357.619
5.138168926307859 0.8286515892759105 11.571642374352198 1.0 1.0 643.014 351.436 2.0 671.253 367.433
5.223845639886546 -0.3427772855184813 11.719572565361572 1.0 1.0 643.839 298.037 2.0 670.417 308.978 3 652.888 305.327 4 612.872 300.545
5.379520465860879 -1.4974526855850183 12.008838828216204 1.0 1.0 645.057 247.153 2.0 670.175 254.651 3 652.716 247.38
5.210587266967972 0.4427895529546408 11.604754862854142 1.0 1.0 645.619 333.785 2.0 673.584 347.875 4 613.839 339.651
5.3428984238872275 -0.9036283817998977 11.849866864499948 1.0 1.0 646.545 273.073 2.0 672.718 281.994 3 655.692 276.598 4 616.445 273.38
5.507421058659792 -0.7414322258583232 12.181758707282343 1.0 1.0 647.375 280.802 2.0 674.237 291.436 3 657.843 287.299 4 617.907 283.21 5 610.73 263.786
5.477622549361261 -1.9331737792878712 12.096752975316402 1.0 1.0 647.579 228.585 2.0 672.488 234.583 3 655.939 226.714 4 618.436 225.611 5 580.45 239.642
5.461654709342799 -1.375063557166928 12.042775697655616 1.0 1.0 648.0 252.764 2.0 673.764 260.562 4 599.061 243.625 5 589.454 219.343
5.486003172176095 -0.7916825846623452 12.046535232956058 1.0 1.0 649.016 278.503 2.0 675.937 288.262
5.6946898202415825 -2.3560108664848576 12.476130918186533 1.0 1.0 649.609 212.954 2.0 674.571 218.574 3 658.682 210.197 4 621.408 209.665
5.4785753746537385 0.3850653417580922 11.959611296949348 1.0 1.0 650.464 330.536 2.0 679.539 344.582 3 663.075 343.419 4 620.669 336.456 5 613.048 322.1
5.512710614838235 0.5775560674052617 12.009667068208417 1.0 1.0 650.974 338.935 2.0 680.532 353.845
6.45618387996938 -1.8153173211831921 14.01589931430781 1.0 1.0 651.725 244.712 2.0 680.727 252.921 3 667.519 247.426 4 627.984 245.701 5 623.789 224.597
5.47249667819038 1.3903876749098893 11.862478531380578 1.0 1.0 652.207 375.657 2.0 683.193 393.998 4 586.526 322.922 5 572.957 305.2
5.632589552611286 -1.2068172402554527 12.186720689424313 1.0 1.0 652.574 260.893 2.0 679.521 269.116 3 663.882 262.828 4 605.134 252.627
5.6641487542333415 -1.4352071129576784 12.149343108638817 1.0 1.0 654.585 250.988 2.0 681.519 257.888
5.828548033537019 -2.647831872939563 12.49472833441647 1.0 1.0 654.878 200.788 2.0 680.062 205.264 4 627.537 195.9
5.884337933304313 -2.3603692821112707 12.606722517833846 1.0 1.0 655.079 213.825 2.0 680.915 219.388 3 665.462 210.716 4 627.924 210.561 5 601.949 171.476
5.736605515348645 -0.4676433818713654 12.283543959019946 1.0 1.0 655.157 293.286 2.0 683.902 304.042 3 668.68 299.948 4 627.479 295.661 5 621.526 277.384
5.736605515348645 -0.4676433818713654 12.283543959019946 1.0 1.0 655.157 293.286 2.0 683.902 304.042 3 668.68 299.948 4 627.479 295.661 5 621.526 277.384
5.794493474667037 -0.22033927052149807 12.376828695308397 1.0 1.0 655.868 303.791 2.0 685.126 315.985 3 631.436 249.347 4 594.91 246.41 5 584.596 223.143
5.850305545094095 -2.031151381303086 12.469650166598585 1.0 1.0 656.348 226.779 2.0 682.655 233.016 3 667.901 225.46 5 596.424 240.986
5.785172411298173 0.23836598570378267 12.285315985055064 1.0 1.0 657.228 323.867 2.0 687.516 337.09 4 609.998 323.041 5 600.817 306.565
5.785172411298173 0.23836598570378267 12.285315985055064 1.0 1.0 657.228 323.867 2.0 687.516 337.09 4 609.998 323.041 5 600.817 306.565
5.840264877261697 -1.3676581449634626 12.300578771431063 1.0 1.0 659.182 254.604 2.0 687.001 261.9 3 672.488 255.849 4 632.59 253.408 5 628.169 231.175
6.039591504709781 -1.258345972346014 12.710691166089363 1.0 1.0 659.555 260.697 2.0 688.013 269.492 3 673.916 264.306 4 633.575 261.647 5 629.053 240.846
6.047912221830051 -0.21568617236593793 12.574028441410096 1.0 1.0 662.616 304.302 2.0 693.154 316.163 3 679.679 313.736 4 636.784 308.131 5 632.167 291.855
6.029281299636419 0.1039266120309812 12.498142187088213 1.0 1.0 663.343 317.957 2.0 694.498 330.687 3 680.798 328.628 4 637.371 322.143 5 632.774 307.221
